2.000000000000000111e-01 -2.000000000000000000e+00
2.367346938775510279e-01 -2.000000000000000000e+00
2.734693877551020447e-01 -2.000000000000000000e+00
3.102040816326531170e-01 -1.999983999999999984e+00
3.469387755102041337e-01 -1.999480000000000146e+00
3.836734693877551505e-01 -1.998672000000000226e+00
4.204081632653061673e-01 -1.996273999999999660e+00
4.571428571428571841e-01 -1.996119999999999894e+00
4.938775510204082009e-01 -1.988411999999999846e+00
5.306122448979592177e-01 -1.977921999999999736e+00
5.673469387755102344e-01 -1.960150000000000059e+00
6.040816326530612512e-01 -1.938451999999999398e+00
6.408163265306123790e-01 -1.890033999999999992e+00
6.775510204081633958e-01 -1.832919999999999661e+00
7.142857142857144126e-01 -1.683236000000000177e+00
7.510204081632654294e-01 -1.392142000000000435e+00
7.877551020408164462e-01 -8.991540000000000088e-01
8.244897959183674629e-01 -6.214640000000000164e-01
8.612244897959184797e-01 -5.828940000000000232e-01
8.979591836734694965e-01 -5.568159999999999776e-01
9.346938775510205133e-01 -5.316659999999999719e-01
9.714285714285715301e-01 -5.042119999999999935e-01
1.008163265306122547e+00 -4.836059999999999248e-01
1.044897959183673564e+00 -4.680400000000000116e-01
1.081632653061224580e+00 -4.564299999999999469e-01
1.118367346938775597e+00 -4.414399999999999991e-01
1.155102040816326614e+00 -4.270059999999999967e-01
1.191836734693877631e+00 -4.213879999999999848e-01
1.228571428571428648e+00 -4.085699999999999887e-01
1.265306122448979664e+00 -4.011420000000000541e-01
1.302040816326530681e+00 -3.925939999999999985e-01
1.338775510204081698e+00 -3.863960000000000172e-01
1.375510204081632715e+00 -3.801859999999999684e-01
1.412244897959183731e+00 -3.733599999999999142e-01
1.448979591836734748e+00 -3.645839999999999637e-01
1.485714285714285765e+00 -3.588540000000000618e-01
1.522448979591836782e+00 -3.567019999999999635e-01
1.559183673469387799e+00 -3.507679999999999687e-01
1.595918367346938815e+00 -3.455860000000000043e-01
1.632653061224489832e+00 -3.429719999999999436e-01
1.669387755102040849e+00 -3.404179999999999984e-01
1.706122448979591866e+00 -3.335199999999999831e-01
1.742857142857142883e+00 -3.290880000000000472e-01
1.779591836734693899e+00 -3.283300000000000107e-01
1.816326530612244916e+00 -3.247179999999999511e-01
1.853061224489795933e+00 -3.216080000000000050e-01
1.889795918367346950e+00 -3.186839999999999673e-01
1.926530612244897966e+00 -3.160519999999999996e-01
1.963265306122449205e+00 -3.127219999999999445e-01
2.000000000000000000e+00 -3.113980000000000081e-01
