2.000000000000000111e-01 -2.000000000000000000e+00
2.367346938775510279e-01 -2.000000000000000000e+00
2.734693877551020447e-01 -2.000000000000000000e+00
3.102040816326531170e-01 -2.000000000000000000e+00
3.469387755102041337e-01 -1.999975999999999976e+00
3.836734693877551505e-01 -1.999872000000000094e+00
4.204081632653061673e-01 -1.999552000000000218e+00
4.571428571428571841e-01 -1.999239999999999684e+00
4.938775510204082009e-01 -1.998647999999999980e+00
5.306122448979592177e-01 -1.997527999999999970e+00
5.673469387755102344e-01 -1.996576000000000128e+00
6.040816326530612512e-01 -1.994223999999999775e+00
6.408163265306123790e-01 -1.990652000000000088e+00
6.775510204081633958e-01 -1.988587999999999800e+00
7.142857142857144126e-01 -1.980155999999999805e+00
7.510204081632654294e-01 -1.976804000000000228e+00
7.877551020408164462e-01 -1.967848000000000264e+00
8.244897959183674629e-01 -1.957819999999999450e+00
8.612244897959184797e-01 -1.946288000000000018e+00
8.979591836734694965e-01 -1.932107999999999715e+00
9.346938775510205133e-01 -1.915076000000000001e+00
9.714285714285715301e-01 -1.887091999999999770e+00
1.008163265306122547e+00 -1.865763999999999978e+00
1.044897959183673564e+00 -1.839247999999999772e+00
1.081632653061224580e+00 -1.804872000000000032e+00
1.118367346938775597e+00 -1.752004000000000117e+00
1.155102040816326614e+00 -1.712768000000000290e+00
1.191836734693877631e+00 -1.648592000000000057e+00
1.228571428571428648e+00 -1.584575999999999762e+00
1.265306122448979664e+00 -1.541779999999999928e+00
1.302040816326530681e+00 -1.510452000000000128e+00
1.338775510204081698e+00 -1.493803999999999910e+00
1.375510204081632715e+00 -1.472560000000000313e+00
1.412244897959183731e+00 -1.444579999999999975e+00
1.448979591836734748e+00 -1.432004000000000277e+00
1.485714285714285765e+00 -1.410080000000000000e+00
1.522448979591836782e+00 -1.394099999999999895e+00
1.559183673469387799e+00 -1.390655999999999892e+00
1.595918367346938815e+00 -1.382792000000000021e+00
1.632653061224489832e+00 -1.362435999999999758e+00
1.669387755102040849e+00 -1.348035999999999790e+00
1.706122448979591866e+00 -1.347844000000000042e+00
1.742857142857142883e+00 -1.330680000000000085e+00
1.779591836734693899e+00 -1.323084000000000149e+00
1.816326530612244916e+00 -1.313179999999999792e+00
1.853061224489795933e+00 -1.308960000000000123e+00
1.889795918367346950e+00 -1.301715999999999873e+00
1.926530612244897966e+00 -1.293532000000000126e+00
1.963265306122449205e+00 -1.284752000000000116e+00
2.000000000000000000e+00 -1.280548000000000020e+00
